              precision    recall  f1-score   support

       s1_f0     1.0000    1.0000    1.0000         1
       s1_f1     0.5000    1.0000    0.6667         1
      s1_f10     1.0000    1.0000    1.0000         1
      s1_f11     0.5000    1.0000    0.6667         1
      s1_f12     0.0000    0.0000    0.0000         1
      s1_f13     0.0000    0.0000    0.0000         1
      s1_f14     0.0000    0.0000    0.0000         1
      s1_f15     0.0000    0.0000    0.0000         1
      s1_f16     0.0000    0.0000    0.0000         1
      s1_f17     0.0000    0.0000    0.0000         1
      s1_f18     0.0000    0.0000    0.0000         1
      s1_f19     1.0000    1.0000    1.0000         1
       s1_f2     0.0000    0.0000    0.0000         1
       s1_f3     0.5000    1.0000    0.6667         1
       s1_f4     1.0000    1.0000    1.0000         1
       s1_f5     1.0000    1.0000    1.0000         1
       s1_f6     0.5000    1.0000    0.6667         1
       s1_f7     1.0000    1.0000    1.0000         1
       s1_f8     0.5000    1.0000    0.6667         1
       s1_f9     1.0000    1.0000    1.0000         1
       s2_f0     1.0000    1.0000    1.0000         1
       s2_f1     0.0000    0.0000    0.0000         1
      s2_f10     0.0000    0.0000    0.0000         1
      s2_f11     0.0000    0.0000    0.0000         1
      s2_f12     0.5000    1.0000    0.6667         1
      s2_f13     0.0000    0.0000    0.0000         1
      s2_f14     0.0000    0.0000    0.0000         1
      s2_f15     0.1667    1.0000    0.2857         1
      s2_f16     0.0000    0.0000    0.0000         1
      s2_f17     1.0000    1.0000    1.0000         1
      s2_f18     0.0000    0.0000    0.0000         1
      s2_f19     0.0000    0.0000    0.0000         1
       s2_f2     1.0000    1.0000    1.0000         1
       s2_f3     0.0000    0.0000    0.0000         1
       s2_f4     1.0000    1.0000    1.0000         1
       s2_f5     0.0000    0.0000    0.0000         1
       s2_f6     0.0000    0.0000    0.0000         1
       s2_f7     0.5000    1.0000    0.6667         1
       s2_f8     0.0000    0.0000    0.0000         1
       s2_f9     0.0000    0.0000    0.0000         1

    accuracy                         0.4750        40
   macro avg     0.3667    0.4750    0.3988        40
weighted avg     0.3667    0.4750    0.3988        40
