              precision    recall  f1-score   support

           0     0.0000    0.0000    0.0000         2
           1     0.0000    0.0000    0.0000         2
           2     0.0000    0.0000    0.0000         2
           3     0.0000    0.0000    0.0000         2
           4     0.0000    0.0000    0.0000         2
           5     0.0000    0.0000    0.0000         2
           6     0.0000    0.0000    0.0000         2
           7     0.0000    0.0000    0.0000         2
           8     0.0000    0.0000    0.0000         2
           9     0.0000    0.0000    0.0000         2
          10     0.0000    0.0000    0.0000         2
          11     0.0000    0.0000    0.0000         2
          12     0.0000    0.0000    0.0000         2
          13     0.0000    0.0000    0.0000         2
          14     0.0000    0.0000    0.0000         2
          15     0.0000    0.0000    0.0000         2
          16     0.2000    0.5000    0.2857         2
          17     0.0000    0.0000    0.0000         2
          18     0.0000    0.0000    0.0000         2
          19     0.0000    0.0000    0.0000         1

    accuracy                         0.0256        39
   macro avg     0.0100    0.0250    0.0143        39
weighted avg     0.0103    0.0256    0.0147        39
