              precision    recall  f1-score   support

       s1_f0     1.0000    1.0000    1.0000         1
       s1_f1     0.5000    1.0000    0.6667         1
      s1_f10     0.0000    0.0000    0.0000         1
      s1_f11     0.0000    0.0000    0.0000         1
      s1_f12     0.0000    0.0000    0.0000         1
      s1_f13     0.0000    0.0000    0.0000         1
      s1_f14     0.0000    0.0000    0.0000         1
      s1_f15     0.0000    0.0000    0.0000         1
      s1_f16     0.0000    0.0000    0.0000         1
      s1_f17     0.0000    0.0000    0.0000         1
      s1_f18     0.0000    0.0000    0.0000         1
      s1_f19     0.0000    0.0000    0.0000         1
       s1_f2     0.0000    0.0000    0.0000         1
       s1_f3     0.0000    0.0000    0.0000         1
       s1_f4     0.5000    1.0000    0.6667         1
       s1_f5     0.0000    0.0000    0.0000         1
       s1_f6     0.0000    0.0000    0.0000         1
       s1_f7     0.0000    0.0000    0.0000         1
       s1_f8     0.0000    0.0000    0.0000         1
       s1_f9     0.0000    0.0000    0.0000         1
       s2_f0     0.0000    0.0000    0.0000         1
       s2_f1     1.0000    1.0000    1.0000         1
      s2_f10     0.0000    0.0000    0.0000         1
      s2_f11     0.0000    0.0000    0.0000         1
      s2_f12     0.0000    0.0000    0.0000         1
      s2_f13     0.0000    0.0000    0.0000         1
      s2_f14     0.0000    0.0000    0.0000         1
      s2_f15     0.0000    0.0000    0.0000         1
      s2_f16     0.0000    0.0000    0.0000         1
      s2_f17     0.0000    0.0000    0.0000         1
      s2_f18     0.0000    0.0000    0.0000         1
      s2_f19     0.0000    0.0000    0.0000         1
       s2_f2     0.0000    0.0000    0.0000         1
       s2_f3     0.0000    0.0000    0.0000         1
       s2_f4     0.0000    0.0000    0.0000         1
       s2_f5     0.0000    0.0000    0.0000         1
       s2_f6     0.0000    0.0000    0.0000         1
       s2_f7     0.0000    0.0000    0.0000         1
       s2_f8     0.0000    0.0000    0.0000         1
       s2_f9     0.0000    0.0000    0.0000         1

    accuracy                         0.1000        40
   macro avg     0.0750    0.1000    0.0833        40
weighted avg     0.0750    0.1000    0.0833        40
